0 AAAAAAAAAAAAAAAA
1 FFFFFFFFFFFFFFFF
2 FFFFFFFFFFFFFFFF
3 FFFFFFFFFFFFFFFF
4 FFFFFFFFFFFFFFFF
5 FFFFFFFFFFFFFFFF
6 FFFFFFFFFFFFFFFF
7 FFFFFFFFFFFFFFFF
8 FFFFFFFFFFFFFFFF
9 FFFFFFFFFFFFFFFF
10 FFFFFFFFFFFFFFFF
11 FFFFFFFFFFFFFFFF
12 FFFFFFFFFFFFFFFF
13 FFFFFFFFFFFFFFFF
14 FFFFFFFFFFFFFFFF
15 FFFFFFFFFFFFFFFF
16 0000000000000001
17 0000000000000002
18 0000000000000003
19 0000000000000004
20 0000000000000005
21 0000000000000006
22 0000000000000007
23 0000000000000008
24 0000000000000009
25 000000000000000A
26 0000000000000000
27 0000000000000000
28 0000000000000000
29 0000000000000000
30 0000000000000000
31 0000000000000000
32 0000000000000000
33 0000000000000000
34 0000000000000000
35 0000000000000000
36 0000000000000000
37 0000000000000000
38 0000000000000000
39 0000000000000000
40 0000000000000000
41 0000000000000000
42 0000000000000000
43 0000000000000000
44 0000000000000000
45 0000000000000000
46 0000000000000000
47 0000000000000000
48 0000000000000000
49 0000000000000000
50 0000000000000000
51 0000000000000000
52 0000000000000000
53 0000000000000000
54 0000000000000000
55 0000000000000000
56 0000000000000000
57 0000000000000000
58 0000000000000000
59 0000000000000000
60 0000000000000000
61 0000000000000000
62 0000000000000000
63 0000000000000000
64 0000000000000000
65 0000000000000000
66 0000000000000000
67 0000000000000000
68 0000000000000000
69 0000000000000000
70 0000000000000000
71 0000000000000000
72 0000000000000000
73 0000000000000000
74 0000000000000000
75 0000000000000000
76 0000000000000000
77 0000000000000000
78 0000000000000000
79 0000000000000000
80 0000000000000000
81 0000000000000000
82 0000000000000000
83 0000000000000000
84 0000000000000000
85 0000000000000000
86 0000000000000000
87 0000000000000000
88 0000000000000000
89 0000000000000000
90 0000000000000000
91 0000000000000000
92 0000000000000000
93 0000000000000000
94 0000000000000000
95 0000000000000000
96 0000000000000000
97 0000000000000000
98 0000000000000000
99 0000000000000000
100 0000000000000000
101 0000000000000000
102 0000000000000000
103 0000000000000000
104 0000000000000000
105 0000000000000000
106 0000000000000000
107 0000000000000000
108 0000000000000000
109 0000000000000000
110 0000000000000000
111 0000000000000000
112 0000000000000000
113 0000000000000000
114 0000000000000000
115 0000000000000000
116 0000000000000000
117 0000000000000000
118 0000000000000000
119 0000000000000000
120 0000000000000000
121 0000000000000000
122 0000000000000000
123 0000000000000000
124 0000000000000000
125 0000000000000000
126 0000000000000000
127 0000000000000000
128 12345678F9FF0600
129 12345678F9FE0601
130 12345678F9FD0602
131 12345678F9FC0603
132 12345678F9FB0604
133 12345678F9FA0605
134 12345678F9F90606
135 12345678F9F80607
136 12345678F9F70608
137 12345678F9F60609
138 12345678F9F5060A
139 12345678F9F4060B
140 12345678F9F3060C
141 12345678F9F2060D
142 12345678F9F1060E
143 12345678F9F0060F
144 12345678FA2F05D0
145 12345678FA2E05D1
146 12345678FA2D05D2
147 12345678FA2C05D3
148 12345678FA2B05D4
149 12345678FA2A05D5
150 12345678FA2905D6
151 12345678FA2805D7
152 12345678FA2705D8
153 12345678FA2605D9
154 12345678FA2505DA
155 12345678FA2405DB
156 12345678FA2305DC
157 12345678FA2205DD
158 12345678FA2105DE
159 12345678FA2005DF
160 12345678FA1F05E0
161 12345678FA1E05E1
162 12345678FA1D05E2
163 12345678FA1C05E3
164 12345678FA1B05E4
165 12345678FA1A05E5
166 12345678FA1905E6
167 12345678FA1805E7
168 12345678FA1705E8
169 12345678FA1605E9
170 12345678FA1505EA
171 12345678FA1405EB
172 12345678FA1305EC
173 12345678FA1205ED
174 12345678FA1105EE
175 12345678FA1005EF
176 12345678FA0F05F0
177 12345678FA0E05F1
178 12345678FA0D05F2
179 12345678FA0C05F3
180 12345678FA0B05F4
181 12345678FA0A05F5
182 12345678FA0905F6
183 12345678FA0805F7
184 12345678FA0705F8
185 12345678FA0605F9
186 12345678FA0505FA
187 12345678FA0405FB
188 12345678FA0305FC
189 12345678FA0205FD
190 12345678FA0105FE
191 12345678FA0005FF
192 0000000000000000
193 0000000000000000
194 0000000000000000
195 0000000000000000
196 0000000000000000
197 0000000000000000
198 0000000000000000
199 0000000000000000
200 0000000000000000
201 0000000000000000
202 0000000000000000
203 0000000000000000
204 0000000000000000
205 0000000000000000
206 0000000000000000
207 0000000000000000
208 0000000000000000
209 0000000000000000
210 0000000000000000
211 0000000000000000
212 0000000000000000
213 0000000000000000
214 0000000000000000
215 0000000000000000
216 0000000000000000
217 0000000000000000
218 0000000000000000
219 0000000000000000
220 0000000000000000
221 0000000000000000
222 0000000000000000
223 0000000000000000
224 0000000000000000
225 0000000000000000
226 0000000000000000
227 0000000000000000
228 0000000000000000
229 0000000000000000
230 0000000000000000
231 0000000000000000
232 0000000000000000
233 0000000000000000
234 0000000000000000
235 0000000000000000
236 0000000000000000
237 0000000000000000
238 0000000000000000
239 0000000000000000
240 0000000000000000
241 0000000000000000
242 0000000000000000
243 0000000000000000
244 0000000000000000
245 0000000000000000
246 0000000000000000
247 0000000000000000
248 0000000000000000
249 0000000000000000
250 0000000000000000
251 0000000000000000
252 0000000000000000
253 0000000000000000
254 0000000000000000
255 0000000000000000
