0 65535 65535 65535 65535
1 65535 65535 65535 65535
2 65535 65535 65535 65535
3 65535 65535 65535 65535
4 65535 65535 65535 65535
5 65535 65535 65535 65535
6 65535 65535 65535 65535
7 65535 65535 65535 65535
8 65535 65535 65535 65535
9 65535 65535 65535 65535
10 65535 65535 65535 65535
11 65535 65535 65535 65535
12 65535 65535 65535 65535
13 65535 65535 65535 65535
14 65535 65535 65535 65535
15 65535 65535 65535 65535
16 43981 61184 4660 22136
17 43981 61184 4660 22136
18 43981 61184 4660 22136
19 43981 61184 4660 22136
20 43981 61184 4660 22136
21 43981 61184 4660 22136
22 43981 61184 4660 22136
23 43981 61184 4660 22136
24 43981 61184 4660 22136
25 43981 61184 4660 22136
26 43981 61184 4660 22136
27 43981 61184 4660 22136
28 43981 61184 4660 22136
29 43981 61184 4660 22136
30 43981 61184 4660 22136
31 43981 61184 4660 22136
32 43981 61184 4660 22136
33 43981 61184 4660 22136
34 43981 61184 4660 22136
35 43981 61184 4660 22136
36 43981 61184 4660 22136
37 43981 61184 4660 22136
38 43981 61184 4660 22136
39 43981 61184 4660 22136
40 43981 61184 4660 22136
41 43981 61184 4660 22136
42 43981 61184 4660 22136
43 43981 61184 4660 22136
44 43981 61184 4660 22136
45 43981 61184 4660 22136
46 43981 61184 4660 22136
47 43981 61184 4660 22136
48 43981 61184 4660 22136
49 43981 61184 4660 22136
50 43981 61184 4660 22136
51 43981 61184 4660 22136
52 43981 61184 4660 22136
53 43981 61184 4660 22136
54 43981 61184 4660 22136
55 43981 61184 4660 22136
56 43981 61184 4660 22136
57 43981 61184 4660 22136
58 43981 61184 4660 22136
59 43981 61184 4660 22136
60 43981 61184 4660 22136
61 43981 61184 4660 22136
62 43981 61184 4660 22136
63 43981 61184 4660 22136
64 43981 61184 4660 22136
65 43981 61184 4660 22136
66 43981 61184 4660 22136
67 43981 61184 4660 22136
68 43981 61184 4660 22136
69 43981 61184 4660 22136
70 43981 61184 4660 22136
71 43981 61184 4660 22136
72 43981 61184 4660 22136
73 43981 61184 4660 22136
74 43981 61184 4660 22136
75 43981 61184 4660 22136
76 43981 61184 4660 22136
77 43981 61184 4660 22136
78 43981 61184 4660 22136
79 43981 61184 4660 22136
80 43981 61184 4660 22136
81 43981 61184 4660 22136
82 43981 61184 4660 22136
83 43981 61184 4660 22136
84 43981 61184 4660 22136
85 43981 61184 4660 22136
86 43981 61184 4660 22136
87 43981 61184 4660 22136
88 43981 61184 4660 22136
89 43981 61184 4660 22136
90 43981 61184 4660 22136
91 43981 61184 4660 22136
92 43981 61184 4660 22136
93 43981 61184 4660 22136
94 43981 61184 4660 22136
95 43981 61184 4660 22136
96 43981 61184 4660 22136
97 43981 61184 4660 22136
98 43981 61184 4660 22136
99 43981 61184 4660 22136
100 43981 61184 4660 22136
101 43981 61184 4660 22136
102 43981 61184 4660 22136
103 43981 61184 4660 22136
104 43981 61184 4660 22136
105 43981 61184 4660 22136
106 43981 61184 4660 22136
107 43981 61184 4660 22136
108 43981 61184 4660 22136
109 43981 61184 4660 22136
110 43981 61184 4660 22136
111 43981 61184 4660 22136
112 43981 61184 4660 22136
113 43981 61184 4660 22136
114 43981 61184 4660 22136
115 43981 61184 4660 22136
116 43981 61184 4660 22136
117 43981 61184 4660 22136
118 43981 61184 4660 22136
119 43981 61184 4660 22136
120 43981 61184 4660 22136
121 43981 61184 4660 22136
122 43981 61184 4660 22136
123 43981 61184 4660 22136
124 43981 61184 4660 22136
125 43981 61184 4660 22136
126 43981 61184 4660 22136
127 43981 61184 4660 22136
128 4660 22136 64047 1488
129 4660 22136 64046 1489
130 4660 22136 64045 1490
131 4660 22136 64044 1491
132 4660 22136 64043 1492
133 4660 22136 64042 1493
134 4660 22136 64041 1494
135 4660 22136 64040 1495
136 4660 22136 64039 1496
137 4660 22136 64038 1497
138 4660 22136 64037 1498
139 4660 22136 64036 1499
140 4660 22136 64035 1500
141 4660 22136 64034 1501
142 4660 22136 64033 1502
143 4660 22136 64032 1503
144 43981 61184 4660 22136
145 43981 61184 4660 22136
146 43981 61184 4660 22136
147 43981 61184 4660 22136
148 43981 61184 4660 22136
149 43981 61184 4660 22136
150 43981 61184 4660 22136
151 43981 61184 4660 22136
152 43981 61184 4660 22136
153 43981 61184 4660 22136
154 43981 61184 4660 22136
155 43981 61184 4660 22136
156 43981 61184 4660 22136
157 43981 61184 4660 22136
158 43981 61184 4660 22136
159 43981 61184 4660 22136
160 43981 61184 4660 22136
161 43981 61184 4660 22136
162 43981 61184 4660 22136
163 43981 61184 4660 22136
164 43981 61184 4660 22136
165 43981 61184 4660 22136
166 43981 61184 4660 22136
167 43981 61184 4660 22136
168 43981 61184 4660 22136
169 43981 61184 4660 22136
170 43981 61184 4660 22136
171 43981 61184 4660 22136
172 43981 61184 4660 22136
173 43981 61184 4660 22136
174 43981 61184 4660 22136
175 43981 61184 4660 22136
176 43981 61184 4660 22136
177 43981 61184 4660 22136
178 43981 61184 4660 22136
179 43981 61184 4660 22136
180 43981 61184 4660 22136
181 43981 61184 4660 22136
182 43981 61184 4660 22136
183 43981 61184 4660 22136
184 43981 61184 4660 22136
185 43981 61184 4660 22136
186 43981 61184 4660 22136
187 43981 61184 4660 22136
188 43981 61184 4660 22136
189 43981 61184 4660 22136
190 43981 61184 4660 22136
191 43981 61184 4660 22136
192 43981 61184 4660 22136
193 43981 61184 4660 22136
194 43981 61184 4660 22136
195 43981 61184 4660 22136
196 43981 61184 4660 22136
197 43981 61184 4660 22136
198 43981 61184 4660 22136
199 43981 61184 4660 22136
200 43981 61184 4660 22136
201 43981 61184 4660 22136
202 43981 61184 4660 22136
203 43981 61184 4660 22136
204 43981 61184 4660 22136
205 43981 61184 4660 22136
206 43981 61184 4660 22136
207 43981 61184 4660 22136
208 43981 61184 4660 22136
209 43981 61184 4660 22136
210 43981 61184 4660 22136
211 43981 61184 4660 22136
212 43981 61184 4660 22136
213 43981 61184 4660 22136
214 43981 61184 4660 22136
215 43981 61184 4660 22136
216 43981 61184 4660 22136
217 43981 61184 4660 22136
218 43981 61184 4660 22136
219 43981 61184 4660 22136
220 43981 61184 4660 22136
221 43981 61184 4660 22136
222 43981 61184 4660 22136
223 43981 61184 4660 22136
224 43981 61184 4660 22136
225 43981 61184 4660 22136
226 43981 61184 4660 22136
227 43981 61184 4660 22136
228 43981 61184 4660 22136
229 43981 61184 4660 22136
230 43981 61184 4660 22136
231 43981 61184 4660 22136
232 43981 61184 4660 22136
233 43981 61184 4660 22136
234 43981 61184 4660 22136
235 43981 61184 4660 22136
236 43981 61184 4660 22136
237 43981 61184 4660 22136
238 43981 61184 4660 22136
239 43981 61184 4660 22136
240 43981 61184 4660 22136
241 43981 61184 4660 22136
242 43981 61184 4660 22136
243 43981 61184 4660 22136
244 43981 61184 4660 22136
245 43981 61184 4660 22136
246 43981 61184 4660 22136
247 43981 61184 4660 22136
248 43981 61184 4660 22136
249 43981 61184 4660 22136
250 43981 61184 4660 22136
251 43981 61184 4660 22136
252 43981 61184 4660 22136
253 43981 61184 4660 22136
254 43981 61184 4660 22136
255 43981 61184 4660 22136
